76561198341440909
76561199064575506
76561198837653785
76561198035413787
76561197964232871
76561198093685288
76561198965936682
76561198054038830
76561198836297037
76561199094886095
76561198009815631
76561198441911121
76561198150369233
76561198861568342
76561199085840727
76561198969409760
76561199197970405
76561199099502570
76561199202252663
76561198350886436
76561199208133308
76561198283764831
76561199152900601
76561199058084845
76561198258278126
76561198109905426
76561198218591277
76561199214976653
76561198150166216
76561199132192846
76561198069690209
76561198362283421
76561198872692937
76561198239051714
76561198980214028
76561198130556499
76561198996273366
76561198355174071
76561198120354744
76561198119594657
76561198069982852
76561199137319505
76561198276308311
76561198005622299
76561198019226251
76561199225738015
76561198104546743
76561199102389714
76561198274239349
76561199132248313
76561199204650130
76561199128208348
76561198242973136
76561198194859883
76561198257716917
76561198048140520
76561198972113395
76561198860837241
76561198384352240
76561198125760927
76561198853627830
76561198929916367
76561199127210500
76561198967205262
76561198434710415
76561199240078102
76561199015513645
76561198346678329
76561199010190408
76561198966410831
76561198141935705
76561199193286749
76561198879539175
76561199092114930
76561198060139122
76561198062761332
76561197969324150
76561198124778743
76561199055948278
76561198205499131
76561198059634559
76561198271324396
76561199092246975
76561199147708660
76561198394483035
76561198165609233
76561198257145874
76561198093873093
76561198245592884
76561198036137882
76561198004924853
76561198365531055
76561198017162335
76561199012676642
76561198081496029
76561198431248131
76561199101679364
76561198197136197
76561199000336938
76561199231412426
76561198287791247
76561198176904146
76561198998685813
76561198357709879
76561198830648349
76561198045222239
76561198156546356
76561198023718596
76561198843163250
76561198435195909
76561198081534998
76561199003495002
76561199246394295
76561198096038454
76561198434468124
76561199160617502
76561199217563234
76561198963878967
76561198056832319
76561198380674995
76561198064235862
76561198160482953
76561199179737866
76561198391370697
76561198834977340
76561198971220987
76561198865077099
76561198318258210
76561198995914068
76561198035263620
76561198350848972
76561199020446284
76561198101554659
76561198127693688
76561198167666865
76561198110713971
76561198240910744
76561198365645494
76561198923693308
76561198813692640
76561198091642068
76561199194270299
76561197976192802
76561198326611518
76561198436589042
76561199177256916
76561198431986101
76561198337220045
76561198283009111
76561198021195115
76561198138180501
76561198202806065
76561198337746230
76561198405299269
76561198397661289
76561198091456386
76561198390630922
76561198158113684
76561198072336415
76561198440617121
76561198394203962
76561198219710297
76561198039500007
76561197969883626
76561198095293350
76561199061356117
76561199219251293
76561198355103258
76561198066548394
76561198094291163
76561198399007110
76561198286918596
76561199125028187
76561198858978031
76561198956967025
76561198855927156
76561198133082665
76561198313427504
76561199030404298
76561198990793461
76561198253164405
76561198154414247
76561197995250484
76561199095932369
76561198048012121
76561198183481365
76561198262588067
76561198826377381
76561198375996070
76561199119116582
76561198965048891
76561199211079260
76561199174287221
76561199230404514
76561198080853569
76561198220162135
76561199015416907
76561199228419919
76561198823966874
76561198070617105
76561198970037166
76561197977539772
76561198073524191
76561198312326002
76561198203882748
76561199058550940
76561198111527216
76561198351821513
76561199116175700
76561198043338625
76561198034460444
76561198258204962
76561199218367917
76561198067401926
76561198043530969
76561198437012534
76561198990002013
76561198254513145
76561198822446545
76561198333043167
76561197980912865
76561198812463209
76561198127916168
76561198352424843
76561198917031697
76561198036572438
76561198843742085
76561198288392171
76561198052112800
76561198171815715
76561198054083634
76561197995024051
76561197995619263
76561199068854915
76561198144162565
76561198297608100
76561198212296231
76561198171719761
76561198451249663
76561198847058086
76561198079282088
76561198275186608
76561199080989417
76561199093846515
76561198035626381
76561198360785185
76561198997370423
76561199099030788
76561199025143439
76561198034182059
76561198252586974
76561198044712631
76561198122311739
76561199084544867
76561198072709096
76561198210603145
76561198249938826
76561198009628177
76561198000909362
76561198384191988
76561198968591787
76561198145929005
76561198019796854
76561198097409174
76561198817914106
76561198961889789
76561198843912455
76561198119300626
76561198083082932
76561198149992885
76561198158209187
76561198104226469
76561198219716397
76561199157150816
76561199036689042
76561198356460823
76561199147698090
76561199012131775
76561199051076420
76561198088047307
76561198288576205
76561198024798674
76561198114190433
76561198156039782
76561198193010150
76561198093686758
76561199076436610
76561199185482907
76561199095216165
76561198430797608
76561199260692537
76561198797354301
76561198376481215
76561199024914628
76561199147497925
76561197976108112
76561199074321360
76561198019909214
76561199208699774
76561198423528846
76561198971241772
76561198376183738
76561198840420861
76561198182013265
76561198918421109
76561198355767851
76561198107290543
76561198167603347
76561198258397464
76561198976896560
76561198078539974
76561198106266188
76561198319590493
76561198966258535
76561198075247135
76561199181497545
76561197998488156
76561199018613907
76561199001856162
76561198804004515
76561198056755133
76561197995133037
76561197996570057
76561198869097002
76561198943505877
76561198272346458
76561198840396146
76561198175773305
76561198306567319
76561198156982716
76561199109293796
76561198333884711
76561197970927239
76561198003772809
76561198258860111
76561198159170777
76561197996614778
76561198028683267
76561198141098542
76561198295927954
76561198213547807
76561198071940797
76561199176555192
76561198196377670
76561199096344061
76561197999032844
76561199136073528
76561198024223037
76561198259098988
76561199102747891
76561199203793106
76561198052476888
76561198059037913
76561198143030457
76561199178985291
76561198033712836
76561198074587616
