76561198341440909
76561199064575506
76561198837653785
76561198035413787
76561197964232871
76561198093685288
76561198965936682
76561198054038830
76561198836297037
76561199094886095
76561198009815631
76561198441911121
76561198150369233
76561198861568342
76561199085840727
76561198969409760
76561199197970405
76561199099502570
76561199202252663
76561198350886436
76561199208133308
76561198283764831
76561199152900601
76561199058084845
76561198258278126
76561198109905426
76561198218591277
76561199214976653
76561198150166216
76561199132192846
76561198069690209
76561198362283421
76561198872692937
76561198239051714
76561198980214028
76561198130556499
76561198996273366
76561198355174071
76561198120354744
76561198119594657
76561198069982852
76561199137319505
76561198276308311
76561198005622299
76561198019226251
76561199225738015
76561198104546743
76561199102389714
76561198274239349
76561199132248313
76561199204650130
76561199128208348
76561198242973136
76561198194859883
76561198257716917
76561198048140520
76561198972113395
76561198860837241
76561198384352240
76561198125760927
76561198853627830
76561198929916367
76561199127210500
76561198967205262
76561198434710415
76561199240078102
76561199015513645
76561198346678329
76561199010190408
76561198966410831
76561198141935705
76561199193286749
76561198879539175
76561199092114930
76561198060139122
76561198062761332
76561197969324150
76561198124778743
76561199055948278
76561198205499131
76561198059634559
76561198271324396
76561199092246975
76561199147708660
76561198394483035
76561198165609233
76561198257145874
76561198093873093
76561198245592884
76561198036137882
76561198004924853
76561198365531055
76561198017162335
76561199012676642
76561198081496029
76561198431248131
76561199101679364
76561198197136197
76561199000336938
76561199231412426
76561198287791247
76561198176904146
76561198998685813
76561198357709879
76561198830648349
76561198045222239
76561198156546356
76561198023718596
76561198843163250
76561198435195909
76561198081534998
76561199003495002
76561199246394295
76561198096038454
76561198434468124
76561199160617502
76561199217563234
76561198963878967
76561198056832319
76561198380674995
76561198064235862
76561198160482953
76561199179737866
76561198391370697
76561198834977340
76561198971220987
76561198865077099
76561198318258210
76561198995914068
76561198035263620
76561198350848972
76561199020446284
76561198101554659
76561198127693688
76561198167666865
76561198110713971
76561198240910744
76561198365645494
76561198923693308
76561198813692640
76561198091642068
76561199194270299
76561197976192802
76561198326611518
76561198436589042
76561199177256916
76561198431986101
76561198337220045
76561198283009111
76561198021195115
76561198138180501
76561198202806065
76561198337746230
76561198405299269
76561198397661289
76561198091456386
76561198390630922
76561198158113684
76561198072336415
76561198440617121
76561198394203962
76561198219710297
76561198039500007
76561197969883626
76561198095293350
76561199061356117
76561199219251293
76561198355103258
76561198066548394
76561198094291163
76561198399007110
76561198286918596
76561199125028187
76561198858978031
76561198956967025
76561198855927156
76561198133082665
76561198313427504
76561199030404298
76561198990793461
76561198253164405
76561198154414247
76561197995250484
76561199095932369
76561198048012121
76561198183481365
76561198262588067
76561198826377381
76561198375996070
76561199119116582
76561198965048891
76561199211079260
76561199174287221
76561199230404514
76561198080853569
76561198220162135
76561199015416907
76561199228419919
76561198823966874
76561198070617105
76561198970037166
76561197977539772
76561198073524191
76561198312326002
76561198203882748
76561199058550940
76561198111527216
76561198351821513
76561199116175700
76561198043338625
76561198034460444
76561198258204962
76561199218367917
76561198067401926
76561198043530969
76561198437012534
76561198990002013
76561198254513145
76561198822446545
76561198333043167
76561197980912865
76561198812463209
76561198127916168
76561198352424843
76561198917031697
76561198036572438
76561198843742085
76561198288392171
76561198052112800
76561198171815715
76561198054083634
76561197995024051
76561197995619263
76561199068854915
76561198144162565
76561198297608100
76561198212296231
76561198171719761
76561198451249663
76561198847058086
76561198079282088
76561198275186608
76561199080989417
76561199093846515
76561198035626381
76561198360785185
76561198997370423
76561199099030788
76561199025143439
76561198034182059
76561198252586974
76561198044712631
76561198122311739
76561199084544867
76561198072709096
76561198210603145
76561198249938826
76561198009628177
76561198000909362
76561198384191988
76561198968591787
76561198145929005
76561198019796854
76561198097409174
76561198817914106
76561198961889789
76561198843912455
76561198119300626
76561198083082932
76561198149992885
76561198158209187
76561198104226469
76561198219716397
76561199157150816
76561199036689042
76561198356460823
76561199147698090
76561199012131775
76561199051076420
76561198088047307
76561198288576205
76561198024798674
76561198114190433
76561198156039782
76561198193010150
76561198093686758
76561199076436610
76561199185482907
76561199095216165
76561198430797608
76561199260692537
76561198797354301
76561198376481215
76561199024914628
76561199147497925
76561197976108112
76561199074321360
76561198019909214
76561199208699774
76561198423528846
76561198971241772
76561198376183738
76561198840420861
76561198182013265
76561198918421109
76561198355767851
76561198107290543
76561198167603347
76561198258397464
76561198976896560
76561198078539974
76561198106266188
76561198319590493
76561198966258535
76561198075247135
76561199181497545
76561197998488156
76561199018613907
76561199001856162
76561198804004515
76561198056755133
76561197995133037
76561197996570057
76561198869097002
76561198943505877
76561198272346458
76561198840396146
76561198175773305
76561198306567319
76561198156982716
76561199109293796
76561198333884711
76561197970927239
76561198003772809
76561198258860111
76561198159170777
76561197996614778
76561198028683267
76561198141098542
76561198295927954
76561198213547807
76561198071940797
76561199176555192
76561198196377670
76561199096344061
76561197999032844
76561199136073528
76561198024223037
76561198259098988
76561199102747891
76561199203793106
76561198052476888
76561198059037913
76561198143030457
76561199178985291
76561198033712836
76561198074587616
76561198342983044
76561198363862797
76561198134665234
76561199075269176
76561198869827899
76561199023851715
76561199037577176
76561199037603294
76561198273325408
76561198929615714
76561199222831972
76561199084301945
76561198059289816
76561199191817436
76561198373523472
76561198986537457
76561198117111155
76561199096518878
76561198272521440
76561198314632429
76561198298936800
76561198134548069
76561198019327390
76561198085380561
76561198164937091
76561199067081601
76561198982907476
76561199178738232
76561198272345436
76561198453494892
76561198287794701
76561199053775280
76561199003665086
76561198952995907
76561198833600898
76561198341973261
76561198948846862
76561198155397218
76561199103718371
76561199125443578
76561198409208857
76561198372528319
76561198820387419
76561199037399329
76561198142495301
76561198151379579
76561198174005019
76561199130249154
76561199067959284
76561198139529333
76561198954037095
76561198298434223
76561198317156975
76561198198367370
76561198158821663
76561198166984924
76561198426004412
76561198001881629
76561198044210044
76561198331044903
76561198139646313
76561198214860684
76561199152752885
76561199149222756
76561198028389496
76561198824625670
76561199084327357
76561199119828704
76561199217362535
76561198347502153
76561199092764567
76561199078550493
76561198151739055
76561198148246496
76561198398775625
76561198301558094
76561198960469774
76561199247679732
76561199061824984
76561198035645367
76561198228968768
76561199158285038
76561198845986033
76561198345513711
76561198293167767
76561198213990021
76561198260076548
76561197971279905
76561197992272472
76561198119926400
76561198115557896
76561198131352120
76561198111342013
76561198129732936
76561198111697738
76561198117576657
76561198115117396
76561198117513187
76561198278596224
76561198264129934
76561198281430429
76561198284491174
76561198261208999
76561198268816687
76561198286097486
76561198274053587
76561198432447625
76561198416271757
76561198443389998
76561198417281240
76561198424248417
76561198426270050
76561198427205864
76561198440335466
76561199031714712
76561199028396983
76561199049041099
76561199043293777
76561199002938708
76561199027411431
76561199053496939
76561199045606124
76561199029014769
76561199132737960
76561199134565039
76561199169408051
76561199132429624
76561199169112252
76561199152735067
76561199136417254
76561199191282429
76561198222051232
76561199131687268
76561199097988177
76561198908629516
76561198111335103
76561199204398411
76561199111592976
76561199143142191
76561198312442146
76561198450025149
76561198309251077
76561199072809612
76561198806064772
76561198044320539
76561198387804525
76561199083969964
76561198363302274
76561198125053331
76561198852793080
76561198370679059
76561198998916741
76561199070846861
76561199067381067
76561199248006384
76561199210662656
76561198086415904
76561198962914259
76561198064419603
76561198064638358
76561199069775917
76561198358397466
76561199179798809
76561198363335855
76561198042656392
76561198254033459
76561198318184852
76561198152668590
76561198943406521
76561198250389646
76561198323304221
76561197972317276
76561198959614185
76561198142053873
76561198226199320
76561198298647068
76561199014083193
76561199226790992
76561198299885394
76561199126788693
76561198798517345
76561198358243684
76561198442718056
76561198884314968
76561198446550158
76561198053170121
76561198408554356
76561198843347462
76561198332864792
76561198401969144
76561199066154672
76561198060941351
76561198969029608
76561198344486212
76561198069290354
76561198096077010
76561198402290384
76561199237535876
76561198321832673
76561198320300698
76561198154724880
76561198297449338
76561198141292509
76561198869283177
76561199120424654
76561198158763517
76561198107087712
76561199101201343
